image: aws.pgm
resolution: 0.010000
origin: [-9.916461, -6.123317, 0.000000]
negate: 0
occupied_thresh: 0.65
free_thresh: 0.196

