image: office_01.pgm
resolution: 0.010000
origin: [-5.113556, -4.162157, 0.000000]
negate: 0
occupied_thresh: 0.65
free_thresh: 0.196

