image: tues_6_sept_shubham.pgm
resolution: 0.010000
origin: [-4.812497, -8.544094, 0.000000]
negate: 0
occupied_thresh: 0.65
free_thresh: 0.196

